,Condition,StairCond,Estimation,EstimationRT,Confidence,ConfidenceRT,Alpha,HR,Accuracy,Missed,nTrials
0,Less,0.0,down,1.3826520000002347,7,1.774,-40,66,1,False,0
1,More,1.0,down,1.0548608999961289,5,2.295,5,70,0,False,1
2,Less,0.0,down,1.4394434000132605,7,1.729,-20,64,1,False,2
3,More,0.0,down,1.712183700001333,6,1.597,1,63,0,False,3
4,Less,0.0,down,1.3892064999963623,6,2.851,-13,68,1,False,4
5,More,0.0,up,1.4658444999950007,6,1.322,13,68,1,False,5
6,Less,1.0,down,1.4833246000052895,6,1.53,-25,69,1,False,6
7,More,0.0,up,1.8349867000069935,5,1.482,1,71,1,False,7
8,More,1.0,up,1.5215735999954632,7,1.17,13,70,1,False,8
9,More,0.0,down,1.150926399990567,1,1.61,1,74,0,False,9
10,More,1.0,up,1.596393799991347,5,3.019,13,76,1,False,10
11,Less,0.0,down,1.3183271000016248,6,1.953,-8,78,1,False,11
12,Less,0.0,down,1.5646898999984842,6,0.788,-8,71,1,False,12
13,Less,0.0,down,1.790782500000205,7,1.896,-4,71,1,False,13
14,Less,1.0,down,1.6979403000004822,4,1.633,-1,68,1,False,14
15,More,0.0,up,1.5865504999965196,5,1.6,4,66,1,False,15
16,More,1.0,down,3.552017399997567,2,1.726,1,67,0,False,16
17,More,0.0,down,1.665952900002594,5,2.244,1,68,0,False,17
18,More,1.0,up,1.7149173000070732,5,1.946,13,71,1,False,18
19,More,1.0,up,1.3892115999915404,6,1.389,13,69,1,False,19
20,Less,0.0,up,2.136489199998323,5,1.417,-4,69,0,False,20
21,More,1.0,up,1.5546330999932252,7,2.2,6,78,1,False,21
22,Less,1.0,down,1.8211524999933317,3,2.204,-6,75,1,False,22
23,Less,1.0,down,2.0253547000029357,6,2.06,-1,73,1,False,23
24,More,1.0,up,1.1865727999975206,5,3.025,1,73,1,False,24
25,Less,0.0,down,1.6244464999908814,7,2.154,-7,73,1,False,25
26,More,1.0,up,1.7619169999961741,6,1.012,1,77,1,False,26
27,More,1.0,up,1.3595415000017965,7,1.862,1,71,1,False,27
28,Less,0.0,down,2.228769800000009,3,0.745,-7,77,1,False,28
29,Less,1.0,up,1.8303978999902029,6,1.165,-1,76,0,False,29
30,More,0.0,up,1.4697793000086676,6,1.073,5,70,1,False,30
31,More,0.0,down,1.5383760999975493,3,1.529,5,73,0,False,31
32,More,0.0,up,1.3432672000053572,7,1.482,6,75,1,False,32
33,More,1.0,down,2.1764352999889525,2,0.75,5,71,0,False,33
34,Less,1.0,down,1.336787499996717,6,2.094,-9,72,1,False,34
35,Less,0.0,down,1.542165599996224,4,2.271,-6,70,1,False,35
36,Less,0.0,down,1.272818700002972,6,1.595,-5,70,1,False,36
37,Less,0.0,up,1.9629355999932159,4,2.329,-5,73,0,False,37
38,More,0.0,up,1.7899196999933338,6,1.613,6,72,1,False,38
39,More,1.0,up,1.540154700007406,5,2.136,9,70,1,False,39
40,Less,0.0,down,1.4639383000030648,1,2.396,-6,75,1,False,40
41,More,0.0,up,1.4262254999921424,6,1.514,5,79,1,False,41
42,Less,1.0,up,1.5863590999942971,7,1.759,-6,80,0,False,42
43,More,0.0,up,1.4010130999959074,7,1.471,5,78,1,False,43
44,More,1.0,up,1.572313500000746,5,2.309,8,81,1,False,44
45,Less,1.0,down,1.498518399996101,5,2.967,-8,71,1,False,45
46,Less,0.0,down,1.3713716000056593,6,1.948,-4,70,1,False,46
47,More,1.0,up,1.6210780999972485,6,1.319,7,70,1,False,47
48,Less,0.0,down,2.0324859999964247,1,2.633,-4,73,1,False,48
49,Less,1.0,up,3.881470000007539,2,1.739,-7,74,0,False,49
50,Less,0.0,up,1.5994027999986429,6,2.19,-3,76,0,False,50
51,Less,1.0,down,2.2469085000047926,1,1.478,-8,72,1,False,51
52,Less,0.0,up,2.2110989000066184,4,1.438,-4,73,0,False,52
53,More,0.0,up,1.5479572000040207,2,3.024,5,73,1,False,53
54,More,1.0,down,1.8481237999949371,2,2.424,8,72,0,False,54
55,More,0.0,up,1.7083053999958793,4,2.297,5,72,1,False,55
56,More,1.0,up,1.5767636999953538,4,2.119,9,78,1,False,56
57,Less,1.0,down,1.8651384000113467,5,1.55,-9,78,1,False,57
58,Less,0.0,up,2.0249177000077907,4,1.694,-4,84,0,False,58
59,Less,0.0,up,2.6460196999978507,2,2.263,-5,78,0,False,59
60,More,0.0,up,1.5304849999956787,4,1.981,6,73,1,False,60
61,More,0.0,down,1.936622900000657,1,1.443,6,67,0,False,61
62,Less,0.0,down,1.4952282000012929,4,1.904,-7,73,1,False,62
63,Less,0.0,up,2.380400499998359,3,1.848,-7,78,0,False,63
64,Less,0.0,down,1.7194889999955194,3,1.979,-8,74,1,False,64
65,More,1.0,up,2.1586383000103524,3,1.256,8,75,1,False,65
66,Less,1.0,up,2.0498015000048326,3,1.507,-8,78,0,False,66
67,More,1.0,up,1.5627471000043442,4,1.835,9,77,1,False,67
68,Less,1.0,down,1.502191200008383,5,1.66,-9,72,1,False,68
69,More,1.0,up,1.4215717000042787,5,0.988,8,74,1,False,69
70,Less,0.0,down,1.739289999997709,3,2.996,-8,71,1,False,70
71,Less,1.0,down,1.607777299999725,2,2.348,-8,80,1,False,71
72,Less,0.0,down,1.7583693000051426,2,1.021,-7,79,1,False,72
73,Less,1.0,down,1.5524141999921994,5,2.708,-7,72,1,False,73
74,Less,1.0,up,1.7307031999953324,3,2.762,-7,75,0,False,74
75,Less,1.0,up,2.845298299987917,2,0.897,-8,77,0,False,75
76,More,1.0,up,1.4657671000022674,5,1.571,9,78,1,False,76
77,Less,1.0,down,1.5477669000101741,2,2.666,-9,81,1,False,77
78,Less,1.0,down,1.767606399997021,5,1.407,-8,73,1,False,78
79,More,1.0,up,1.4038552999991225,7,2.187,8,76,1,False,79
80,Less,1.0,down,2.5314019999932498,1,1.366,-7,72,1,False,80
81,More,0.0,up,1.2872232000081567,4,1.359,7,74,1,False,81
82,Less,0.0,up,3.084973599994555,1,1.396,-6,70,0,False,82
83,Less,1.0,up,2.845802099996945,2,2.253,-7,71,0,False,83
84,More,0.0,up,1.4570547000039369,5,3.022,7,73,1,False,84
85,Less,0.0,up,1.6138936000061221,3,1.708,-7,81,0,False,85
86,More,0.0,up,1.9934068000002299,5,2.108,8,75,1,False,86
87,More,0.0,up,1.7557396000047447,4,1.482,8,79,1,False,87
88,More,1.0,up,1.5731736000016099,3,1.674,8,73,1,False,88
89,More,1.0,up,2.1598021000099834,3,0.997,8,71,1,False,89
90,Less,0.0,down,1.1683500000071945,4,1.405,-7,72,1,False,90
91,More,0.0,down,1.2209200000070268,1,1.316,7,73,0,False,91
92,More,0.0,up,1.6307150999928126,5,1.687,8,77,1,False,92
93,More,1.0,up,1.289251800000784,4,1.209,7,80,1,False,93
94,Less,0.0,down,1.4912709000054747,5,1.467,-8,73,1,False,94
95,Less,0.0,down,1.1489707000000635,4,0.88,-7,75,1,False,95
96,More,1.0,up,1.5362881000037305,3,2.061,7,76,1,False,96
97,Less,1.0,down,1.6755411000049207,2,1.932,-6,83,1,False,97
98,More,1.0,up,1.4913517000095453,3,2.711,6,84,1,False,98
99,Less,0.0,down,1.3487388000066858,4,1.649,-7,69,1,False,99
100,More,0.0,up,2.036947600005078,3,1.276,6,70,1,False,100
101,More,1.0,up,1.8527174000046216,4,2.299,5,73,1,False,101
102,More,0.0,down,1.6920185000053607,3,2.201,6,74,0,False,102
103,Less,0.0,down,2.011704300006386,5,2.502,-7,73,1,False,103
104,Less,0.0,down,1.8808890999935102,3,3.017,-7,76,1,False,104
105,Less,1.0,up,2.1739617999992333,4,2.05,-5,71,0,False,105
106,Less,0.0,up,2.005451599994558,4,1.414,-6,74,0,False,106
107,More,1.0,up,2.0389586000092095,3,2.543,6,76,1,False,107
108,Less,1.0,up,2.4225222999957623,5,1.005,-6,82,0,False,108
109,More,0.0,up,1.725633599999128,4,1.242,7,74,1,False,109
110,More,0.0,up,1.9300474999909056,4,1.949,7,69,1,False,110
111,Less,0.0,down,1.7827271000132896,5,1.38,-6,75,1,False,111
112,More,1.0,up,1.988256700002239,4,2.755,7,73,1,False,112
113,More,0.0,up,1.788958899996942,4,2.154,6,77,1,False,113
114,Less,1.0,down,1.6287897000001976,5,1.682,-7,74,1,False,114
115,Less,1.0,down,1.938907299991115,1,1.102,-6,77,1,False,115
116,Less,0.0,up,1.8277794000023277,3,1.534,-5,83,0,False,116
117,Less,1.0,down,1.9939086999947904,5,2.318,-6,74,1,False,117
118,More,1.0,up,1.8112471000058576,5,1.097,5,76,1,False,118
119,Less,0.0,down,1.9890120000054594,2,1.39,-6,76,1,False,119
120,More,1.0,up,2.158298199996352,2,0.583,5,76,1,False,120
121,Less,1.0,down,1.8565020999958506,6,2.723,-4,72,1,False,121
122,More,0.0,up,1.8931749000039417,5,1.307,6,76,1,False,122
123,More,1.0,up,2.913077899997006,4,3.018,4,79,1,False,123
124,More,1.0,down,2.4067238999996334,1,1.101,3,84,0,False,124
125,Less,1.0,down,1.5121018000063486,5,0.924,-4,75,1,False,125
126,More,0.0,up,1.7952477000071667,3,2.246,5,78,1,False,126
127,Less,1.0,up,1.9933009999949718,1,2.094,-4,77,0,False,127
128,More,1.0,up,1.7766643000068143,5,1.615,5,78,1,False,128
129,Less,0.0,up,2.5970928000024287,3,2.016,-5,77,0,False,129
130,More,1.0,up,1.816777900006855,5,1.357,5,81,1,False,130
131,More,0.0,down,2.8582439000019804,2,2.283,6,73,0,False,131
132,More,0.0,down,1.5485263999871677,3,1.889,7,73,0,False,132
133,Less,1.0,down,1.83125299999665,4,1.063,-4,75,1,False,133
134,More,0.0,up,2.0869825000118,4,2.826,8,76,1,False,134
135,More,1.0,down,1.7724414999975124,1,3.024,4,75,0,False,135
136,Less,1.0,down,2.050589399994351,4,2.297,-5,77,1,False,136
137,More,1.0,up,1.838044699994498,5,2.331,5,85,1,False,137
138,More,0.0,up,2.3465397999971174,1,1.538,8,76,1,False,138
139,Less,1.0,down,1.8154345999937505,4,1.807,-4,78,1,False,139
140,Less,1.0,down,1.6299268000002485,4,0.865,-4,75,1,False,140
141,Less,0.0,down,1.5508659000042826,5,2.595,-7,75,1,False,141
142,More,0.0,up,2.26094269999885,3,1.212,7,73,1,False,142
143,More,1.0,up,1.5303199000045424,5,1.793,3,81,1,False,143
144,More,0.0,up,1.8300366999901598,4,1.979,6,76,1,False,144
145,More,1.0,up,1.9899461000022711,2,2.43,3,72,1,False,145
146,More,1.0,up,1.776074500012328,4,2.178,2,74,1,False,146
147,Less,0.0,up,2.1716062000050442,2,2.621,-6,80,0,False,147
148,Less,0.0,down,1.2559144999977434,5,1.18,-7,78,1,False,148
149,Less,1.0,up,2.8674803000030806,2,2.113,-2,77,0,False,149
