,Condition,StairCond,Estimation,EstimationRT,Confidence,ConfidenceRT,Alpha,HR,Accuracy,Missed,nTrials
0,More,1.0,up,1.7637529000639915,6,1.186,30,65,1,False,0
1,Less,0.0,down,1.520869500003755,7,1.444,-30,67,1,False,1
2,More,0.0,up,2.8757612998597324,5,1.488,10,63,1,False,2
3,Less,0.0,up,3.356993000023067,2,1.304,-1,66,0,False,3
4,More,1.0,up,2.530294999945909,4,1.139,10,62,1,False,4
5,More,1.0,down,3.5444356000516564,2,0.866,1,68,0,False,5
6,Less,0.0,down,5.343787000048906,5,1.417,-13,66,1,False,6
7,Less,0.0,down,3.58844229998067,3,1.235,-13,65,1,False,7
8,Less,1.0,down,3.440001199953258,3,1.361,-13,66,1,False,8
9,Less,0.0,up,2.6075289000291377,5,1.343,-6,64,0,False,9
10,More,1.0,up,1.7630952999461442,6,1.467,13,69,1,False,10
11,Less,1.0,up,3.2313084001652896,4,1.315,-6,72,0,False,11
12,Less,0.0,down,1.68407310009934,5,1.034,-10,67,1,False,12
13,More,1.0,up,3.295410000020638,3,1.213,10,69,1,False,13
14,Less,1.0,down,3.63989290012978,1,1.341,-10,71,1,False,14
15,Less,1.0,up,4.6462928000837564,2,1.484,-7,61,0,False,15
16,Less,1.0,down,1.9413944000843912,5,0.901,-9,62,1,False,16
17,More,0.0,up,1.5481811999343336,6,1.36,10,64,1,False,17
18,More,0.0,up,2.010722199920565,7,1.549,7,66,1,False,18
19,Less,0.0,down,4.291411800077185,1,1.312,-7,66,1,False,19
20,More,1.0,up,3.5492991998326033,5,1.62,9,62,1,False,20
21,More,1.0,up,3.385422599967569,5,1.359,8,65,1,False,21
22,Less,0.0,down,3.40970450011082,3,3.019,-4,66,1,False,22
23,More,1.0,up,3.7726427000015974,5,1.234,8,64,1,False,23
24,Less,1.0,up,4.705043700058013,3,1.431,-7,71,0,False,24
25,More,1.0,up,3.319775399984792,6,1.703,8,68,1,False,25
26,Less,0.0,up,2.4923616000451148,6,1.641,-4,70,0,False,26
27,More,0.0,up,1.3694682999048382,7,1.333,6,71,1,False,27
28,More,1.0,up,4.177291499916464,6,1.383,8,64,1,False,28
29,Less,0.0,down,3.0981265001464635,5,3.024,-6,61,1,False,29
30,More,1.0,down,4.490162999834865,3,2.832,7,63,0,False,30
31,More,0.0,up,3.824199300026521,5,2.699,5,67,1,False,31
32,Less,1.0,,,,,-8,119,,True,32
33,More,0.0,,,,,5,132,,True,33
34,Less,0.0,,,,,-5,180,,True,34
35,More,1.0,up,1.1535966000519693,7,1.945,8,172,1,False,35
36,More,0.0,up,2.035702999914065,7,1.162,5,96,1,False,36
37,More,0.0,up,2.66527480003424,5,1.358,4,79,1,False,37
38,Less,0.0,up,4.994529800023884,1,0.896,-4,67,0,False,38
39,Less,0.0,down,2.371195500018075,4,0.88,-5,64,1,False,39
40,Less,0.0,up,4.108816700056195,2,0.703,-5,68,0,False,40
41,Less,0.0,down,4.780295600183308,2,1.088,-6,65,1,False,41
42,Less,1.0,down,6.75323719996959,4,1.033,-8,55,1,False,42
43,Less,0.0,down,5.587937399977818,3,0.848,-6,57,1,False,43
44,More,1.0,down,4.529413000214845,3,1.303,7,58,0,False,44
45,More,1.0,up,6.293970299884677,6,0.947,8,61,1,False,45
46,Less,1.0,down,4.611727199982852,5,2.651,-8,59,1,False,46
47,Less,0.0,down,3.8900059999432415,1,0.792,-5,64,1,False,47
48,Less,1.0,up,5.048144300002605,4,1.127,-7,71,0,False,48
49,More,0.0,up,4.820397699950263,6,1.486,5,63,1,False,49
50,More,1.0,down,5.868639500113204,3,3.033,8,61,0,False,50
51,Less,0.0,down,5.0361296001356095,1,1.152,-4,62,1,False,51
52,More,1.0,up,3.9238679001573473,5,1.016,9,75,1,False,52
53,More,1.0,up,2.023304099915549,6,0.81,9,81,1,False,53
54,Less,0.0,down,4.953173100017011,2,1.063,-4,67,1,False,54
55,Less,0.0,up,3.5666970999445766,5,1.585,-3,76,0,False,55
56,More,0.0,up,3.635978600010276,5,1.207,4,67,1,False,56
57,More,1.0,up,3.1780441999435425,5,1.541,8,74,1,False,57
58,Less,1.0,up,3.841313000069931,2,0.996,-8,70,0,False,58
59,More,1.0,up,3.0589993000030518,6,1.858,9,70,1,False,59
60,Less,0.0,up,2.311984699917957,4,1.422,-4,71,0,False,60
61,More,0.0,up,3.16447089985013,6,1.259,5,72,1,False,61
62,More,0.0,up,2.208048800006509,7,1.309,5,71,1,False,62
63,Less,0.0,up,3.198288399958983,2,1.293,-4,69,0,False,63
64,Less,0.0,down,6.63662389991805,2,1.679,-5,63,1,False,64
65,More,0.0,up,1.6802901001647115,5,1.576,5,70,1,False,65
66,More,1.0,up,2.3364679000806063,7,0.76,9,81,1,False,66
67,Less,1.0,up,2.714331400115043,2,1.019,-8,75,0,False,67
68,Less,1.0,down,4.943130000028759,2,0.792,-9,71,1,False,68
69,More,0.0,up,4.023866799892858,7,0.771,4,81,1,False,69
70,More,1.0,up,4.105263900011778,5,0.933,9,65,1,False,70
71,Less,0.0,up,2.1462063998915255,7,1.303,-4,78,0,False,71
72,Less,1.0,up,4.277702499879524,6,1.699,-8,86,0,False,72
73,Less,0.0,up,4.938322799978778,5,1.088,-5,72,0,False,73
74,More,1.0,up,1.8671165998093784,4,0.865,9,72,1,False,74
75,More,0.0,up,2.7720524000469595,7,1.172,6,78,1,False,75
76,Less,1.0,up,4.982858000090346,4,2.378,-9,78,0,False,76
77,More,0.0,down,3.951157100033015,3,1.277,6,73,0,False,77
78,Less,0.0,down,3.8886157001834363,4,1.663,-7,71,1,False,78
79,Less,1.0,down,4.421656200196594,2,1.158,-10,69,1,False,79
80,More,0.0,up,2.033806199906394,5,0.872,7,72,1,False,80
81,Less,0.0,down,2.1894912999123335,4,0.89,-6,80,1,False,81
82,Less,0.0,up,2.162927799858153,6,1.121,-6,90,0,False,82
83,Less,1.0,up,2.9765798000153154,4,0.937,-10,86,0,False,83
84,More,1.0,up,1.3448081000242382,7,1.972,11,97,1,False,84
85,Less,1.0,up,6.182803999865428,4,3.032,-11,79,0,False,85
86,More,1.0,up,2.771229499951005,4,3.028,12,70,1,False,86
87,More,0.0,up,2.2038374000694603,7,1.156,7,75,1,False,87
88,More,1.0,up,1.5931847000028938,6,1.526,12,84,1,False,88
89,More,1.0,up,1.7112846998497844,7,0.931,11,80,1,False,89
90,Less,1.0,up,4.805178300011903,4,0.955,-11,84,0,False,90
91,More,1.0,up,3.2770415998529643,5,1.62,12,62,1,False,91
92,More,0.0,up,3.0570474001578987,7,1.771,7,79,1,False,92
93,More,1.0,up,1.6361444999929518,4,0.924,12,69,1,False,93
94,Less,0.0,down,1.6324036999139935,2,1.217,-6,67,1,False,94
95,More,0.0,down,2.3091476000845432,5,1.653,6,71,0,False,95
96,More,1.0,up,1.6880063000135124,5,1.73,11,78,1,False,96
97,Less,1.0,down,3.2273919999133795,6,1.238,-11,71,1,False,97
98,More,0.0,up,3.605649300152436,5,1.467,7,71,1,False,98
99,Less,1.0,down,3.9237814999651164,2,1.089,-10,78,1,False,99
