,Condition,StairCond,Estimation,EstimationRT,Confidence,ConfidenceRT,Alpha,HR,Accuracy,Missed,nTrials
0,Less,0.0,down,3.8826449000043795,6,2.524,-40,88,1,False,0
1,Less,1.0,up,4.233450400002766,3,2.662,-5,84,0,False,1
2,More,0.0,up,2.8697389000008116,6,2.328,20,83,1,False,2
3,More,0.0,up,4.110487500001909,5,3.017,1,86,1,False,3
4,More,0.0,up,3.4291338000039104,4,2.62,1,81,1,False,4
5,More,0.0,up,3.9159894999902463,5,2.61,1,82,1,False,5
6,More,1.0,up,1.8281142999912845,5,3.031,25,82,1,False,6
7,Less,0.0,up,4.029135899996618,4,2.553,-1,80,0,False,7
8,More,0.0,up,2.493876000007731,6,2.0,13,84,1,False,8
9,More,0.0,up,2.6230110000033164,6,1.011,13,85,1,False,9
10,More,1.0,up,2.1547621000063373,6,2.038,13,81,1,False,10
11,Less,1.0,down,3.2774625000020023,5,2.213,-13,81,1,False,11
12,Less,0.0,up,2.834284300013678,5,1.716,-1,86,0,False,12
13,More,1.0,up,2.9204430999961914,4,2.67,1,80,1,False,13
14,More,1.0,up,2.958182399990619,5,2.564,1,80,1,False,14
15,Less,0.0,up,4.102140900009545,4,1.861,-8,80,0,False,15
16,Less,0.0,up,4.884988299992983,4,2.831,-15,81,0,False,16
17,Less,0.0,down,5.132791500000167,3,2.81,-22,82,1,False,17
18,Less,0.0,down,1.7190699000057066,5,2.289,-22,81,1,False,18
19,More,1.0,up,3.238878999996814,4,1.759,1,80,1,False,19
20,More,0.0,up,1.7641701999964425,7,2.937,18,82,1,False,20
21,More,0.0,up,1.650732900001458,6,1.829,18,85,1,False,21
22,More,0.0,up,4.772025400001439,4,2.019,14,77,1,False,22
23,More,1.0,down,1.8315716999932192,4,2.162,1,75,0,False,23
24,Less,0.0,down,2.0327301000070293,7,1.798,-14,80,1,False,24
25,More,0.0,up,2.549214700004086,4,2.072,10,80,1,False,25
26,Less,1.0,down,2.977364000005764,3,2.414,-13,78,1,False,26
27,More,1.0,up,2.1851613000035286,4,3.029,13,79,1,False,27
28,More,0.0,up,3.901385899996967,3,3.023,10,86,1,False,28
29,More,1.0,up,5.911063799998374,3,1.758,6,76,1,False,29
30,Less,0.0,down,1.6722552999999607,3,1.921,-6,75,1,False,30
31,Less,1.0,down,3.2026227000023937,5,3.024,-6,82,1,False,31
32,Less,1.0,up,3.0615247000096133,5,2.537,-1,82,0,False,32
33,Less,0.0,up,2.4541078000038397,4,2.518,-6,87,0,False,33
34,Less,1.0,up,3.089015699995798,4,3.024,-5,85,0,False,34
35,More,1.0,up,1.9905362999998033,5,1.49,9,81,1,False,35
36,Less,1.0,down,1.8502730999898631,5,2.679,-9,79,1,False,36
37,Less,1.0,down,5.50657460000366,3,1.762,-6,77,1,False,37
38,Less,1.0,down,2.1967196999903535,4,1.238,-6,72,1,False,38
39,More,1.0,up,3.3071676999970805,6,1.837,3,83,1,False,39
40,Less,1.0,up,4.219125500007067,4,2.211,-3,74,0,False,40
41,More,1.0,up,2.623011799994856,6,1.943,5,82,1,False,41
42,More,1.0,up,2.0325261000107275,6,1.078,5,84,1,False,42
43,Less,0.0,up,3.03648590001103,6,1.854,-9,78,0,False,43
44,More,0.0,up,3.5043202999950154,6,2.361,12,81,1,False,44
45,Less,1.0,up,4.0348658000002615,6,3.022,-4,76,0,False,45
46,Less,1.0,up,1.6906980999920052,6,2.898,-5,87,0,False,46
47,Less,1.0,up,4.075589100000798,5,2.579,-6,78,0,False,47
48,Less,0.0,up,5.157463899988215,4,1.655,-12,80,0,False,48
49,More,0.0,up,1.5921653999976115,7,1.779,15,82,1,False,49
